50
10
0.61 0.47 0.60 0.29 0.95 0.21 0.51 0.83 0.98 0.12
0.80 0.37 0.56 0.59 0.42 0.71 0.69 0.73 0.67 0.54
1
0.2
0.3
10
0.33 0.28 0.36 0.50 0.83 0.16 0.51 0.98 0.05 0.07
0.67 0.34 0.40 0.23 0.59 0.31 0.44 0.22 0.06 0.29
10
0.05 0.61 0.84 0.43 0.36 0.55 0.41 0.14 0.25 0.02
0.98 0.93 0.34 0.50 0.20 0.86 0.32 0.75 0.30 0.80
4
0.86 0.76 0.33 0.43
0.19 0.24 0.38 0.14
7
0.08 0.95 0.44 0.24 0.97 0.13 0.14
0.05 0.62 0.70 0.73 0.78 0.63 0.33
2
0.8 0.6
0.4 0.2
7
0.19 0.75 0.36 0.59 0.83 0.63 0.10
0.54 0.03 0.71 0.05 0.85 0.12 0.90
8
0.66 0.15 0.58 0.52 0.67 0.54 0.73 0.82
0.30 0.43 0.45 0.42 0.31 0.12 0.91 0.13
10
0.60 0.23 0.97 0.34 0.83 0.43 0.09 0.20 0.69 0.06
0.03 0.11 0.37 0.71 0.46 0.17 0.91 0.49 0.14 0.86
6
0.04 0.88 0.52 0.08 0.27 0.54
0.37 0.29 0.67 0.35 0.90 0.12
1
0.36
0.18
10
0.70 0.60 0.64 0.69 0.88 0.51 0.79 0.75 0.87 0.56
0.45 0.47 0.34 0.16 0.17 0.42 0.08 0.35 0.04 0.01
10
0.68 0.47 0.16 0.06 0.91 0.65 0.57 0.33 0.98 0.19
0.40 0.60 0.44 0.72 0.74 0.83 0.54 0.27 0.94 0.78
9
0.35 0.11 0.16 0.41 0.12 0.31 0.45 0.08 0.09
0.66 0.81 0.87 0.77 0.94 0.71 0.85 0.57 0.84
5
0.71 0.42 0.98 0.40 0.05
0.02 0.20 0.95 0.56 0.33
10
0.08 0.94 0.89 0.58 0.75 0.47 0.69 0.78 0.39 0.61
0.31 0.22 0.97 0.81 0.44 0.17 0.19 0.50 0.33 0.11
7
0.68 0.74 0.47 0.21 0.26 0.37 0.32
0.84 0.79 0.05 0.16 0.63 0.11 0.58
10
0.25 0.34 0.47 0.56 0.12 0.50 0.78 0.19 0.81 0.31
0.75 0.84 0.72 0.53 0.66 0.28 0.22 0.06 0.03 0.09
9
0.048 0.457 0.486 0.714 0.467 0.762 0.010 0.781 0.095
0.695 0.648 0.924 0.067 0.190 0.495 0.305 0.324 0.819
10
0.333 0.222 0.838 0.872 0.410 0.684 0.983 0.726 0.068 0.342
0.137 0.513 0.735 0.974 0.299 0.991 0.940 0.453 0.462 0.103
6
0.98 0.52 0.45 0.50 0.39 0.32
0.77 0.55 0.82 0.64 0.05 0.36
9
0.17 0.09 0.70 0.66 0.31 0.47 0.55 0.71 0.59
0.45 0.01 0.06 0.18 0.98 0.69 0.72 0.32 0.80
10
0.22 0.94 0.54 0.93 0.13 0.27 0.61 0.36 0.89 0.12
0.19 0.25 0.18 0.08 0.60 0.29 0.96 0.39 0.95 0.48
5
0.61 0.14 0.21 0.75 0.86
0.11 0.54 0.07 0.79 0.57
7
0.07 0.90 0.93 0.24 0.38 0.34 0.55
0.28 0.45 0.66 0.03 0.41 0.79 0.86
10
0.80 0.15 0.02 0.05 0.27 0.12 0.98 0.56 0.61 0.83
0.10 0.93 0.59 0.37 0.07 0.78 0.46 0.41 0.85 0.63
4
0.21 0.50 0.07 0.43
0.93 0.79 0.64 0.71
6
0.95 0.74 0.63 0.84 0.68 0.89
0.26 0.21 0.58 0.53 0.11 0.42
10
0.11 0.33 0.02 0.09 0.15 0.37 0.43 0.35 0.22 0.30
0.63 0.65 0.83 0.72 0.80 0.93 0.52 0.78 0.67 0.50
10
0.01 0.24 0.19 0.37 0.13 0.07 0.03 0.21 0.14 0.34
0.56 0.74 0.63 0.81 0.70 0.64 0.57 0.39 0.50 0.43
10
0.76 0.47 0.49 0.93 0.11 0.42 0.36 0.13 0.33 0.38
0.29 0.96 0.58 0.62 0.67 0.82 0.73 0.20 0.31 0.60
10
0.234 0.682 0.486 0.832 0.785 0.664 0.598 0.196 0.411 0.103
0.421 0.551 0.907 0.692 0.748 0.981 0.467 0.093 0.561 0.589
8
0.17 0.50 0.95 0.38 0.69 0.52 0.57 0.97
0.76 0.03 0.22 0.07 0.33 0.53 0.48 0.93
3
0.18 0.68 0.56
0.32 0.44 0.91
10
0.89 0.11 0.57 0.77 0.30 0.34 0.91 0.38 0.64 0.72
0.87 0.74 0.06 0.17 0.79 0.36 0.81 0.02 0.49 0.32
5
0.07 0.75 0.24 0.90 0.47
0.69 0.93 0.83 0.80 0.88
10
0.26 0.60 0.07 0.85 0.14 0.68 0.59 0.29 0.93 0.11
0.79 0.45 0.12 0.27 0.15 0.16 0.33 0.32 0.04 0.78
9
0.040 0.515 0.099 0.545 0.149 0.772 0.752 0.069 0.158
0.089 0.634 0.010 0.960 0.990 0.624 0.337 0.198 0.475
4
0.47 0.02 0.34 0.26
0.57 0.91 0.64 0.89
10
0.37 0.80 0.86 0.22 0.88 0.04 0.65 0.92 0.43 0.63
0.14 0.41 0.20 0.73 0.57 0.27 0.78 0.16 0.71 0.45
10
0.29 0.30 0.54 0.62 0.57 0.05 0.14 0.13 0.36 0.78
0.40 0.22 0.58 0.63 0.43 0.38 0.73 0.27 0.81 0.84
4
0.86 0.79 0.93 0.71
0.21 0.07 0.64 0.14
2
0.25 0.29
0.92 0.62
5
0.88 0.87 0.65 0.97 0.12
0.35 0.63 0.90 0.55 0.50
6
0.18 0.35 0.24 0.06 0.12 0.41
0.82 0.59 0.71 0.88 0.94 0.53
7
0.70 0.43 0.13 0.83 0.73 0.63 0.77
0.40 0.97 0.80 0.07 0.37 0.20 0.53
10
0.65 0.55 0.77 0.45 0.39 0.52 0.84 0.74 0.58 0.13
0.94 0.16 0.61 0.23 0.87 0.03 0.42 0.29 0.97 0.90
10
0.26 0.43 0.78 0.35 0.09 0.61 0.57 0.04 0.39 0.52
0.87 0.30 0.70 0.96 0.22 0.17 0.74 0.13 0.48 0.91
1
0.2
0.6
