100
4
10 5 15 5
2
100 100
8
81 81 81 81 81 81 81 0
6
23 90 40 0 100 9
2
0 0
10
100 0 100 0 100 0 100 0 100 0
10
100 100 100 100 100 100 100 100 100 0
5
29 42 78 57 6
6
83 7 66 84 98 54
7
49 2 96 70 50 92 32
8
79 70 22 53 24 18 97 41
9
13 24 6 19 9 26 7 74 33
10
98 38 34 50 28 53 69 4 75 52
10
95 39 81 86 59 90 98 21 89 40
10
12 48 97 48 44 5 87 44 13 70
10
64 65 38 60 31 84 85 83 90 9
10
34 82 40 80 58 20 48 86 23 65
10
28 85 29 79 40 31 33 20 9 73
10
64 61 19 92 37 9 97 72 27 36
10
53 16 17 79 64 73 73 27 70 25
10
84 35 59 26 86 15 37 94 5 45
10
42 67 62 57 92 21 30 86 96 14
10
99 23 26 77 52 99 1 21 21 98
10
23 3 80 72 70 97 21 3 92 39
10
83 36 41 69 98 5 43 24 84 64
10
5 2 46 47 30 31 85 92 52 52
10
12 98 68 40 0 88 26 48 36 75
10
98 59 33 52 16 19 13 13 45 53
10
76 88 41 18 63 4 27 85 63 27
10
70 37 80 80 66 95 52 62 44 29
10
9 64 12 98 85 65 53 11 84 57
10
17 17 90 29 31 50 27 35 67 91
10
91 23 64 63 18 73 38 28 40 31
10
27 78 99 7 80 57 18 34 30 26
10
7 9 84 38 11 50 98 88 21 39
10
67 95 34 66 72 75 70 17 23 64
10
42 54 0 57 61 20 84 47 9 66
10
65 64 32 76 0 68 15 68 42 64
10
39 89 73 37 21 23 94 96 58 41
10
6 76 75 82 82 45 22 56 2 27
10
68 12 30 51 48 47 19 91 64 85
10
86 81 15 5 1 27 59 6 37 11
10
17 11 24 86 36 74 94 13 1 67
10
32 8 32 83 90 7 3 22 29 84
10
14 71 38 80 78 82 33 93 89 9
10
91 79 84 31 97 48 94 30 20 10
10
16 80 24 27 89 91 70 36 29 15
10
9 26 77 6 9 96 51 0 95 54
10
19 46 39 55 89 88 64 37 24 66
10
31 54 46 30 45 70 54 58 8 61
10
30 92 4 21 25 60 65 46 17 95
10
90 70 33 33 13 91 47 43 92 0
10
16 21 70 66 76 83 87 7 4 99
10
52 20 33 38 14 7 28 30 1 29
10
75 34 48 0 56 2 56 40 79 26
10
62 24 13 9 70 23 90 26 70 69
10
6 34 39 33 92 43 51 81 24 95
10
96 14 46 6 98 44 30 11 24 14
10
6 91 92 42 1 30 63 51 93 58
10
43 52 8 41 58 61 41 71 96 24
10
64 45 75 69 89 18 47 45 0 92
10
99 85 65 86 89 47 92 32 51 9
10
68 96 8 0 88 73 53 25 3 75
10
58 90 21 30 5 17 71 1 97 86
10
50 15 10 82 46 27 51 89 41 24
10
40 10 23 45 85 35 92 94 91 66
10
57 99 11 96 20 48 37 70 36 95
10
74 68 44 94 61 72 74 17 83 35
10
12 50 93 77 34 18 30 97 12 30
10
82 29 93 60 89 81 92 20 82 13
10
50 0 21 34 62 29 6 41 51 36
10
53 51 7 20 47 57 78 20 95 10
10
51 61 71 18 39 59 64 95 87 28
10
80 49 15 86 84 0 79 85 30 52
10
75 41 58 59 48 67 98 74 45 0
10
0 91 59 58 90 4 77 53 53 55
10
97 55 3 16 90 89 91 79 53 47
10
91 18 82 78 30 79 87 6 98 46
10
25 57 78 75 91 42 59 30 52 67
10
88 30 10 13 94 98 2 30 52 4
10
39 69 25 77 0 55 64 50 94 87
10
9 40 44 65 28 53 45 51 70 19
10
49 71 99 44 62 9 23 21 46 68
10
4 23 20 8 56 12 84 16 98 84
10
54 94 45 70 18 38 46 81 80 71
10
33 75 71 1 68 29 59 6 33 61
10
98 23 41 28 96 60 94 71 11 9
10
11 49 12 43 46 64 45 87 29 80
10
98 17 64 12 50 62 91 17 35 85
10
51 67 13 96 34 72 27 59 63 34
10
5 69 22 10 52 66 60 66 82 84
10
51 82 51 56 79 47 92 15 45 42
10
19 73 75 20 98 43 36 77 58 56
10
10 61 40 48 28 3 28 0 26 36
10
30 68 5 45 55 74 72 20 33 11
10
55 95 86 11 38 66 16 1 65 65
10
16 84 58 53 47 17 24 32 87 45
10
29 96 33 34 99 30 1 28 45 38
10
69 51 56 69 72 1 36 87 47 3
10
9 16 33 46 57 30 11 45 87 92
