100
2 4
10 5
3 12
7 7 7
3 12
4 2 1
5 1000000000
25 25 25 25 25
2 2
1 1
5 5
1 1 1 1 1
5 448257424
1 2 3 4 5
5 915742169
18 7 21 11 25
5 945178136
14 14 14 14 14
5 750214788
14 14 14 14 14
5 733230067
14 14 14 14 14
5 335858946
2 2 2 2 2
5 859900212
19 19 19 19 19
5 268203674
11 11 11 11 11
5 112620014
1 1 1 1 1
5 810142696
16 16 16 16 16
5 611935900
1 1 1 1 1
5 14713487
23 23 23 23 23
5 764504471
20 20 20 20 20
5 19855199
24 24 24 24 24
5 932772338
21 21 21 21 21
5 392960856
19 19 19 19 19
5 515480308
15 15 15 15 15
5 404481132
21 21 21 21 21
5 52505820
12 12 12 12 12
5 654515936
17 17 17 17 17
5 292346125
5 5 5 5 5
5 869312451
10 10 10 10 10
5 203166931
3 3 3 3 3
5 271038076
2 2 2 2 2
5 51480098
24 24 24 24 24
5 996994511
24 24 24 24 24
5 624397163
22 22 22 22 22
5 610980238
1 2 3 4 5
5 488874198
1 2 3 4 5
5 757224755
1 2 3 4 5
5 283260364
1 2 3 4 5
5 859568967
1 2 3 4 5
5 4298773
1 2 3 4 5
5 639732540
1 2 3 4 5
5 755385723
1 2 3 4 5
5 765054606
1 2 3 4 5
5 685241640
1 2 3 4 5
5 438721351
1 2 3 4 5
5 570588025
1 2 3 4 5
5 7088138
1 2 3 4 5
5 840032137
1 2 3 4 5
5 954152879
1 2 3 4 5
5 654320473
1 2 3 4 5
5 815696872
1 2 3 4 5
5 497048567
1 2 3 4 5
5 212968653
1 2 3 4 5
5 544054361
1 2 3 4 5
5 318861170
1 2 3 4 5
5 441032754
1 2 3 4 5
5 13303517
1 2 3 4 5
5 772124529
1 2 3 4 5
5 784804454
1 2 3 4 5
5 305410271
1 18 1 17 2
5 625970169
19 9 11 10 13
5 175349633
1 23 18 8 2
5 883551478
22 6 5 6 8
5 472651674
1 5 9 24 16
5 300425131
24 19 20 17 18
5 222292373
9 6 20 11 17
5 694913142
13 1 23 21 22
5 407419149
17 3 7 2 18
5 517143941
22 5 16 22 16
5 111601011
16 6 14 11 2
5 659428813
12 19 3 6 13
5 92654362
4 15 11 18 9
5 623236733
6 24 4 8 11
5 911689515
10 10 11 6 4
5 912477126
8 12 23 18 21
5 79945225
19 24 6 16 6
5 11461933
13 20 16 3 8
5 49726248
3 14 24 16 5
5 567317642
1 22 15 25 22
5 574061583
21 14 25 22 20
5 790204862
1 11 14 1 6
5 405585330
17 24 15 18 11
5 399824939
5 13 23 1 22
5 987346318
7 5 12 23 9
5 644222125
9 23 3 2 21
5 73057156
10 10 24 21 14
5 298771495
21 23 15 22 15
5 873273450
2 17 13 20 13
5 318899220
11 16 18 17 21
5 934062714
8 1 25 18 7
5 433699670
23 12 3 16 10
5 783226626
23 21 20 8 16
5 78346791
18 2 5 21 20
5 70013387
12 11 14 14 7
5 99922245
4 12 6 7 12
5 533728258
13 21 13 18 20
5 145154352
6 24 9 14 14
5 735569583
13 9 19 11 8
5 154463647
19 10 4 13 11
5 961070458
16 2 4 19 5
5 446982033
18 9 13 5 17
