100
2 4
10 5
3 12
7 7 7
3 12
4 2 1
5 1000000000
25 25 25 25 25
2 2
1 1
5 5
1 1 1 1 1
5 448257424
1 2 3 4 5
5 915742169
18 7 21 11 25
5 890319862
4 4 4 4 4
5 849521779
18 18 18 18 18
5 962576650
23 23 23 23 23
5 580458878
18 18 18 18 18
5 230489129
11 11 11 11 11
5 791641535
9 9 9 9 9
5 654112760
7 7 7 7 7
5 774773059
2 2 2 2 2
5 85201129
4 4 4 4 4
5 941084267
21 21 21 21 21
5 740176608
1 1 1 1 1
5 152659895
13 13 13 13 13
5 504399981
17 17 17 17 17
5 734768898
2 2 2 2 2
5 368705783
8 8 8 8 8
5 714337817
11 11 11 11 11
5 188763698
8 8 8 8 8
5 352951502
24 24 24 24 24
5 509171674
7 7 7 7 7
5 2287900
18 18 18 18 18
5 796041954
21 21 21 21 21
5 367878110
10 10 10 10 10
5 749664895
4 4 4 4 4
5 509727493
21 21 21 21 21
5 419668414
22 22 22 22 22
5 203589811
1 2 3 4 5
5 211179670
1 2 3 4 5
5 115754063
1 2 3 4 5
5 934107944
1 2 3 4 5
5 156670238
1 2 3 4 5
5 41891600
1 2 3 4 5
5 45210498
1 2 3 4 5
5 46171648
1 2 3 4 5
5 179658257
1 2 3 4 5
5 17199909
1 2 3 4 5
5 557631768
1 2 3 4 5
5 98401424
1 2 3 4 5
5 864758394
1 2 3 4 5
5 383076747
1 2 3 4 5
5 848718250
1 2 3 4 5
5 45688964
1 2 3 4 5
5 735224800
1 2 3 4 5
5 609423538
1 2 3 4 5
5 741416198
1 2 3 4 5
5 301347436
1 2 3 4 5
5 554325379
1 2 3 4 5
5 108212365
1 2 3 4 5
5 169303185
1 2 3 4 5
5 535599165
1 2 3 4 5
5 491707667
1 2 3 4 5
5 381699105
19 23 3 15 4
5 464826432
15 20 10 14 9
5 883222389
13 17 14 11 15
5 860539817
20 1 8 13 16
5 882257982
13 9 16 21 4
5 465600554
11 9 13 19 5
5 747986011
20 5 15 11 25
5 519381176
7 8 24 8 12
5 244612538
21 10 9 23 6
5 950468426
1 8 24 25 20
5 668174365
17 1 11 8 20
5 863649982
7 10 17 12 11
5 488474051
1 7 18 11 19
5 852281723
7 2 15 14 10
5 967653350
5 6 10 17 16
5 587325044
16 20 10 10 18
5 134633512
10 25 10 19 1
5 523353335
19 22 1 10 15
5 584758904
14 24 10 14 13
5 752355195
8 25 22 19 1
5 260255752
2 24 24 7 8
5 624640189
16 3 5 13 21
5 830636835
9 5 10 24 19
5 643948975
3 11 12 7 16
5 836541242
6 20 6 15 24
5 721101904
1 23 7 7 10
5 270376825
25 11 4 13 14
5 446059772
17 21 18 16 16
5 382911194
15 17 4 16 8
5 406199450
18 12 24 3 15
5 919628900
21 3 20 3 14
5 126081924
20 25 20 15 19
5 131669272
14 1 23 6 10
5 678728223
4 10 4 1 12
5 481890799
9 4 1 14 20
5 980875580
8 8 6 3 15
5 761109379
20 20 15 23 13
5 662798996
12 11 25 19 23
5 826381336
7 6 13 2 11
5 605846376
20 25 19 2 6
5 887993993
3 2 21 24 10
5 81357130
15 21 9 5 25
