100
1 2
00
10
2 9
100001111 110111001
101000100 101100001
10 10
1011111000 1011001000 1000011001 0110100111 0010011110 0101100111 1111001111 0000100000 0101110001 1100010110
1110001101 0100111100 0000000101 1101010100 1010000010 0111111100 0111101010 1001010011 0010111011 1001100011
6 3
101 010 011 000 110 111
111 110 010 001 100 011
8 6
011101 000110 011110 110011 001100 101111 010011 010010
101100 000111 110100 001110 110011 110110 101110 110001
10 10
0110011001 1010110000 1100100010 0110100100 1100110100 0101100111 1011011011 1011001111 0001001011 0001011100
0000111011 0100000000 0000101100 0111000011 0111111110 1010111100 1101010011 1011010111 1101000101 1010101000
1 5
11110
01010
1 7
0111100
1100001
6 9
000001001 001100110 111110110 110011001 100001001 101100110
010011001 100001001 111110110 110011001 101100110 011110110
10 10
0010011101 0111111110 1100000011 1010100101 0101000010 0100100001 0101101110 1011010100 1000111001 1011011010
1011000011 1000101110 1111111001 0110111000 0100000100 1000100000 0001100111 0110010100 0111011011 1001011111
5 7
1100000 1001011 0111000 0111011 0110000
0011100 0010111 1100111 0010100 1001100
4 8
11001001 01100001 10011110 00110110
11001100 01100100 00110011 10011011
8 8
11010110 00111100 11001001 01110010 01010110 10111100 11110010 01001001
10101001 10010010 11100111 01100111 00010010 00101001 00001101 10001101
10 10
0110111010 1100011110 0001100101 1001101011 1100010101 1111011010 1110000101 0010000100 0001101000 0011110011
1011010111 0000111000 1101100110 1110100010 0011011001 1110101001 0011010100 1100111001 0001001111 0100000110
6 8
10011110 00001000 11111110 01101000 11010110 01000000
01101001 11010111 01000001 10011111 00001001 11111111
10 10
1110110101 0101010000 0001000010 1110001001 1110111110 1010001110 0010100011 0101110000 0001001101 1001111111
0010000111 1101110000 0010001000 1101001100 0001100110 0110010101 1101111011 0110110101 1001001011 1010111010
4 9
000110001 101110100 101101110 000101011
111101100 111110110 010110011 010101001
2 4
0000 0010
0101 0111
6 7
1000000 1010001 0110011 0100010 1011000 0111010
0111011 0101010 1001000 0100011 1011001 1000001
9 8
10111111 10110011 01001100 10001010 00111101 00010000 01110001 00100011 11010110
10101000 00001101 00101101 11100001 00010011 10010011 10100100 01101011 11100100
6 8
01100010 00011000 00011001 11100110 01100011 10011100
00011001 01100010 00011000 01100011 10011101 11100111
10 10
0011100111 0000011001 1110000100 0110100000 1000001100 1011011111 0101110110 0111011001 1100110011 1001101010
0000011101 0111110001 1101100010 1000100101 1110110100 0101000110 0010101000 1100011011 0011001110 1011011011
10 10
0110110001 0010100101 0010101000 1101010110 0001001111 0010001010 1001010110 1111000010 1101111001 1100111101
0101000001 1010110010 0001000001 0101101110 0111010101 1010011101 0100101010 1110100110 1001011000 1010111111
10 10
0100101001 0100001000 0110000101 1101100101 1111100110 1010111111 0000010100 0011011010 1001011011 1011110010
0011001101 1001001100 0100011111 1011100101 0100111110 1010101000 0000000011 0110010010 1111110001 1101110010
2 5
01111 11010
11010 01111
6 8
10011010 00010111 01000111 11001010 00100101 10101000
01000111 10011010 00010111 11001010 00100101 10101000
10 10
1101001000 0110000101 1011011110 0010100100 1001110101 0100111010 0100110000 0010101011 1011011111 1101000011
1100001110 1010010101 1010011010 1100000100 0011100001 0101111101 0101110110 0011100000 1110111011 0001001011
10 10
1011001111 1000110110 0011001110 1100111011 1010111001 0100100000 0111100100 1111010000 0101001101 0000010011
1010000000 0010011011 0110101000 1100000010 0101110101 1110001101 0001011111 1001101011 1101110100 0011110110
10 10
1111001010 1000010011 0001001101 0111100110 0000101001 1110100011 1100011010 1011111100 0000110101 0111010100
1011011001 0111101010 0000001100 0101010011 1100010110 1100100100 1011000101 0100111010 1010111101 0011100011
10 10
0010010100 0101101010 0111111010 1101100001 1110000011 0000011101 0010011110 1101110100 1010001101 1001100011
1110010010 0000001011 1101111100 0101101111 0010011011 0101100101 1010000101 1001110010 1010010000 0111101100
7 10
0010001101 0110101000 1100100100 1000001001 1100111011 1000110111 1000000010
0110000100 1100001000 1100010111 1000100101 0010100001 1000011011 1000101110
2 5
10011 10000
01011 01000
10 10
0110101111 1001110110 1001000010 0101010101 1000001000 0000100101 1111111011 1010011001 0111000000 0110111110
0011000110 0000101101 0010111000 0101011101 1111100001 1101110000 0011010111 1100111010 1100001110 1010000011
10 10
1010100100 0100001111 1101011000 0001111011 0010001000 0101110000 1110110101 1011100110 1111001011 0000010111
1001110000 1110001000 1010000011 1111110111 0110100000 0101001101 0001011100 1011101111 0100110011 0000011110
5 8
10010101 01111101 11100000 11101111 01011000
01110001 01011111 00100111 01111111 01010001
10 10
1101111001 1011000110 0011011010 1010111011 0000010101 1101100001 0100001110 0110110100 1011000011 0100101100
0001011100 0000100001 0111100011 1001000000 1010001111 0001011001 1100101110 0111111011 1110010100 1110110110
10 9
011100000 001000001 001100011 010110110 101000011 011101101 100101000 100011011 010010100 010001000
111110110 011101000 010001100 110011101 010011101 110011011 011110000 110110010 110001001 101001111
3 8
11101101 11101111 01111001
10011101 01001100 01010111
2 9
000111001 011010110
011000110 000101001
8 9
010001110 110010100 101111010 010111001 011001100 010010100 010111011 000110000
010001010 100011111 000100010 110111010 110101111 111101110 011001011 010010111
1 6
101001
011110
10 10
0011100000 0010111001 0000011011 1011000011 1000001101 0100000110 1100010010 0101111100 1111110101 1111101110
0101111011 1110010110 0010011000 0010000011 1000001010 1101101101 1001110000 0001100100 0110110101 1111001111
10 10
1011110000 0111011001 0110110101 1000110000 0001001111 1010000110 0101000110 1010001011 0100101000 1101111111
0110001111 1010111111 0001110110 1101000101 1111011000 1110110110 0000000000 0011000000 1100101001 0001111011
10 10
0011001100 1101110011 1101010111 1010100011 0010100100 0111001011 1111011000 0100010010 0000111101 1000101100
1001100011 1110010111 0100001011 0000001100 1011101100 1100011000 0111010010 0001100100 0011111101 1110110011
10 10
0101000100 1110101111 1110100110 0001110101 0010111000 0000111011 1111011011 1000001100 1111000010 0001010001
0110000001 0110100101 0101101000 1001110110 1000001011 0111101011 1001111111 1000010010 0010010100 1111011100
10 10
1011000001 0100111110 1110011001 1000101100 0111010011 1100000101 0011101110 0110111100 1001000010 0001110011
1011101110 0110011000 1101001110 1100100001 1110100011 0001011100 0011011111 1001110011 0010110001 0100000100
1 2
11
00
2 7
0000100 1001001
0101000 0000010
1 9
001011110
000001001
10 7
0011110 0110110 0100011 1110011 0100110 1111011 1010111 0010110 1101110 1010100
0111011 0010010 0111110 0101101 0101001 0011101 0010100 1111011 1011010 1110001
10 10
0100011001 1001010010 0010101101 1111111110 0100100010 1011110001 0101010100 1000101111 0110000101 1011001010
0011111101 1110110010 0111001001 0001100101 0000011000 1100101110 1010011010 0011000110 1101100011 1100010101
10 10
0110001001 1101111110 0001101110 1011001010 0010110100 0101101111 1011100010 0001110010 0000011000 0000101010
0001101000 0010101110 1011111000 0001110100 0110010011 1011010000 0000110000 0000000010 0101110101 1101100100
8 10
0101011000 1111001100 0110111010 0100111111 0110101010 1010111011 1111010000 1000001100
1110101111 0001001100 0000101011 0010101110 1011011000 1011000100 1100011000 0010111110
10 10
0011010111 1011100100 0100110111 1101001100 1100001010 0011111001 0001101001 0110010110 1010101000 1100010011
0011001111 0101110100 1011101011 1100001011 0100111000 1001001010 0010010000 1110110101 0011010110 1100100101
10 10
1100001101 0001110000 0110000101 0101101000 1100100111 1011010110 1000110011 0011011110 0111111011 1010001000
1101101010 0111100010 0001100111 1010011111 0011011100 0000111001 1100010100 1110000111 1000110001 0111001000
10 5
01101 10000 00010 01010 10010 00011 10011 00000 11101 11010
10101 11011 01011 10110 00101 00110 01100 00100 10100 11100
2 4
0110 0100
1110 1100
10 10
1001101000 1101010100 1110011100 0010100000 0011011011 0011001111 1000010111 0100101101 0110100011 1101110010
0111001100 0010110100 0110110111 1001100101 1010001011 0111011000 0000111010 1100000000 1101111111 1001000011
10 10
1000110101 0000000010 1000111000 0111001011 0110001001 1001011100 0101110101 1111000011 0111110110 1010101110
0110000011 1001011000 1011000011 0100000000 0011110100 1011001110 0100111101 0101111111 1010101010 1100110101
1 4
0111
1000
10 10
0001010011 0101000001 1111111110 0000001011 0110001101 1011100101 0000101110 1100010000 1011110100 1110111010
1001010001 0100010010 1000101100 0110111000 0011100111 1110001111 0111111100 1000001001 0011110110 1101000011
6 9
001001100 011000000 101111100 011011100 111000001 010100111
010010110 000010100 000001101 001001010 101011010 110000111
2 5
10001 01000
01110 10111
6 5
10001 01110 10101 00011 00111 11100
10101 11000 00111 01110 11100 01010
10 10
1001001000 1100001011 1010001000 1110100011 1101110101 0011111010 0001100110 0110111101 0011010111 0100010100
1010001101 0110011110 1101110000 0100101111 1001011011 0100000010 0011101100 1011110011 0001000101 1110110000
3 10
0010101011 0100101110 0010011100
1111110000 1111000111 1001000010
4 4
1010 1001 0001 0010
0101 1101 0110 1110
2 7
0000000 0011101
0111111 0100010
2 2
01 10
01 11
10 10
1110100011 1000010110 1100101000 0101000010 0011111100 1111010010 1000111101 0011001001 0001110111 0110001101
0111011011 1010110001 1100111010 1000001111 0001000101 0110101010 0101010000 1010000100 1111110101 0001101110
2 9
011110001 000001111
100001110 111110000
10 10
1000001010 1011101001 0100010100 1001101100 0111100111 0010010101 1111111111 1101111011 0110010010 0000000000
0100111011 1100110001 1011010110 0111011000 1110100100 1010100011 1000100101 0101011101 0011001110 0001001010
9 10
1110110000 0101100110 1001110010 0100101011 0111101101 1001000111 1010110110 1100111101 1000101111
1111011111 1100010100 0000100101 1100110011 1011100010 1000001010 1110000100 1000111100 1010010011
10 10
0000110001 1001011011 0111111110 0111100111 1100111000 1011100101 0000010010 1110001110 1110000001 0001001100
1111110100 0110011101 0000110110 1000100001 0110000100 1101000010 0001001011 1111111011 0001101000 1010011111
4 7
1110000 0111000 1110011 0100111
0100001 0100010 1110110 1101001
8 7
1011101 1101110 1011100 0000100 1010111 0101111 0001100 0100101
0000010 1100110 0000110 1110011 0001101 0100000 0110101 0001010
10 10
1111110011 1011000100 0100000111 0100110010 1010101001 1010011011 0101101000 0001111110 0010010101 1101001100
0111100010 1111011110 0001000101 0001110000 1010000100 0000011111 0100001001 1110110011 1111101100 1000111011
10 10
1000110110 1001010001 0100000111 0101010011 1010011000 0101101010 1011101001 0110011100 0011101101 1110100110
0001001101 1011101100 1101111100 0011010110 0000100000 1110100011 1100011011 0110100111 0000011001 1111010010
1 3
111
001
3 4
0011 1011 1000
1110 1111 1101
10 10
1000000101 1010101110 0110000100 0101010001 1000011110 0010100111 0100011110 0110100011 1111011100 0110010110
0100100011 0110011110 1101011100 1010000101 0100010110 1000101110 0100000100 1010011110 0111010001 0000100111
10 10
1000000101 0100010010 1010101011 0001001110 0101101100 0101111100 1011011001 1010110111 1110000001 0111110010
0010110100 0100001000 0000101010 1110011111 0000111010 1111110001 1011000111 1101000011 0001010100 1111101101
10 10
1000011110 0110000100 1000000000 0101111001 1111110111 0001001011 0010011011 1110111010 0011100101 1101100100
1100110111 0000011000 0011000110 0010001011 1000000101 0101100010 1111100111 1011111000 0101111100 1110011001
1 3
000
110
10 10
0111011111 1101011011 0100010110 0100000100 1101001001 0110001101 1011101100 1011111110 0111001101 0110011111
0010101101 0100001000 1110001100 1101010111 0010111111 1110011110 0100011010 1111011110 1101000101 1111001100
10 10
0110000100 1011100110 0001010011 1100111001 1010011110 1100110000 0101101011 0001010101 1111101111 0010001000
0010101111 0001000000 1011111101 0110010111 1101011010 1000101011 0101001100 1100100010 1011110100 0110010001
3 10
0010110000 1110100011 1000001011
1011010101 1111010001 0010001101
8 6
110011 000101 001011 100100 100010 000011 001101 110101
101011 011011 011101 001100 001010 100011 100101 101101
1 8
11110011
11011111
8 10
1100110000 1011001101 0000100011 0011101100 0011100000 1010110100 0010101011 0000111011
1100110010 0100010011 1100111110 0011101110 0101101010 1101110101 1111100101 1111111101
8 5
00100 11001 00010 11101 10000 01011 10100 01101
01011 10010 00110 01111 00010 11011 11101 10100
10 10
1010111000 1001011001 1000001010 0111000110 1000100001 0101110111 1111101100 0110110111 0000010111 0111001000
0011100000 0100111111 1110010000 1101110001 0011101110 1011000100 1100001001 0001011111 1100100010 0010011111
2 5
00101 00001
01110 01010
1 7
0001111
1110001
1 6
011100
011000
3 9
001101011 100001001 001011111
010100011 010010111 111000001
8 6
111110 101011 110110 011000 110000 010101 101001 001111
101111 011110 000100 001001 111000 111010 100111 100001
3 8
01000101 11001000 11100100
00000000 01011010 11001110
10 10
1000001011 1111111111 0111011110 0101000101 1011111001 0000100101 1001101000 0010010010 1110100100 0100010010
0011010011 0000011111 1011110010 0001001000 1010101001 1101100101 1111110100 1100000110 0110011111 0100101000
4 7
0001011 1110000 1101100 1000101
0001001 1000100 1001000 0000111
