100
6 0010001
5 855893
6 0110001
6 0000001
6 2306001
6 0700001
6 1111111
6 1800801
5 239581
1 09
2 202
5 110011
6 7360671
6 9000001
4 64155
1 01
6 0000801
6 4000141
5 600001
6 1221011
6 0000041
6 7347358
1 01
6 6001003
6 0000001
6 0000238
6 6462151
6 6000008
1 11
6 0010011
1 12
3 1719
2 221
2 111
6 1353709
6 1212101
6 0800901
6 0300904
0 1
6 7236391
6 2000084
6 9000609
1 01
4 00807
1 31
6 1112022
3 0001
6 4000001
1 56
6 0006001
6 2665111
1 91
6 5064824
6 0022001
4 11111
1 21
6 0001057
6 0211201
6 0102211
0 1
6 0000031
6 9763568
6 9999999
0 1
6 0010001
4 40001
1 01
5 800001
6 5187436
6 0075052
6 9685987
5 000001
0 1
5 000001
6 0000011
2 041
5 112102
6 4000491
6 1367753
0 1
6 0000001
6 1021002
6 1861441
6 6000071
5 201112
4 12212
4 00001
5 111122
1 01
6 0000001
6 2011121
6 2678669
6 0000002
6 9060002
2 385
5 172001
6 0008001
0 1
6 0500001
6 7000007
