100
1
3
4
1 2 1 2
1
4
5
5 5 1 1 4
2
9 8
5
5 4 5 5 2
4
5 6 8 6
2
4 8
4
7 2 9 4
1
1
4
3 5 2 7
6
6 5 4 3 2 1
4
5 6 4 9
3
5 5 7
1
9
6
5 5 5 9 9 9
3
1 2 2
6
3 3 5 5 9 9
4
1 3 4 9
4
4 1 2 1
3
9 5 1
6
9 9 9 9 9 9
3
6 5 4
3
9 7 3
3
9 9 9
3
3 9 2
4
8 8 8 8
6
5 6 9 6 9 6
5
1 5 4 5 1
4
3 7 8 4
2
9 7
5
5 1 1 1 4
1
7
4
6 7 9 3
3
7 2 6
4
7 7 2 1
4
3 5 1 5
6
1 1 5 5 9 9
4
9 1 8 5
3
2 1 7
6
2 9 9 9 3 3
2
6 6
5
3 4 5 2 4
5
2 5 5 4 5
6
7 7 7 7 7 9
4
8 1 3 3
5
5 4 3 2 1
2
8 8
5
5 5 5 4 5
3
7 8 6
2
8 4
4
5 5 9 5
3
5 2 5
3
4 5 4
2
2 1
5
1 5 1 5 2
3
3 8 4
2
9 6
4
9 4 2 2
1
8
3
2 4 1
6
3 6 6 6 9 9
3
8 1 1
4
5 5 7 5
3
3 2 1
4
4 3 2 1
3
8 1 3
3
3 5 1
5
7 7 2 9 8
3
4 5 3
4
2 9 4 9
2
5 5
2
4 9
4
3 1 1 3
4
1 6 8 9
4
7 3 3 4
5
3 1 1 4 4
2
9 9
5
5 8 8 5 4
3
7 5 3
6
5 5 5 5 9 9
3
9 3 6
2
9 9
3
1 1 2
4
9 9 9 9
1
6
5
9 9 9 9 9
1
4
3
5 5 4
3
5 6 5
3
8 8 8
6
6 6 6 6 9 9
5
8 8 8 8 8
1
5
3
8 5 2
2
7 7
5
1 2 2 3 1
3
9 5 4
5
3 3 5 2 3
4
9 9 2 7
