100
2 2 2
2 1 3
4 4 1
3 2 3
6 4 20
5 3 10
10 15 5
5 6 10
2 4 4
9 9 9
18 6 9
2 1 1
5 5 5
4 3 3
7 4 7
7 14 5
10 10 10
8 16 6
5 2 5
2 4 1
5 5 1
5 3 8
7 5 7
19 19 1
11 11 11
20 17 14
18 12 15
13 16 10
6 3 20
20 20 20
5 20 4
6 3 8
10 10 1
6 12 12
5 20 5
4 4 4
5 3 5
5 4 4
6 18 18
4 4 3
5 2 10
3 3 4
10 5 20
6 6 5
5 20 20
8 10 11
12 12 2
3 4 4
5 10 4
5 10 10
18 15 18
7 7 7
2 3 3
7 6 7
6 6 6
6 18 1
4 3 2
18 3 6
3 1 3
15 10 9
6 10 3
5 7 7
5 10 7
5 3 20
7 3 7
5 2 20
6 4 6
6 5 5
4 2 4
5 5 6
5 15 3
2 1 4
18 9 12
5 5 3
5 4 15
20 10 16
19 19 19
19 19 10
8 7 1
7 2 7
17 4 5
4 1 4
6 9 2
6 6 3
3 2 2
7 1 7
1 1 1
5 10 5
5 4 5
7 14 20
8 4 4
8 8 8
5 15 2
5 20 1
14 7 8
6 3 4
16 8 8
6 20 20
6 4 9
7 14 4
